COMISIÓN NACIONAL DEL AGUA
COORDINACIÓN GENERAL DEL SERVICIO METEOROLÓGICO NACIONAL
BASE DE DATOS CLIMATOLÓGICA NACIONAL 

ESTADÍSTICA MENSUAL
EMISIÓN   : 13/06/2025 

DATOS DISPONIBLES EN LA BASE DE DATOS A: JUNE DE 2025; 
CON LA INFORMACIÓN SUMINISTRADA POR LAS UNIDADES ADMINISTRATIVAS 

 ESTACIÓN  : 2034 
 NOMBRE    : MEXICALI (SMN) 
 ESTADO    : BAJA CALIFORNIA 
 MUNICIPIO : MEXICALI 
 SITUACIÓN : OPERANDO 
 CVE-OMM   :   
 LATITUD   : 32.55 ° 
 LONGITUD  : -115.4666667 ° 
 ALTITUD   : 3 msnm 


LLUVIA MÁXIMA 24 H.
AÑO	ENE	FEB	MAR	ABR	MAY	JUN	JUL	AGO	SEP	OCT	NOV	DIC	ACUM	PROM	MESES
1930	23.1	0	16.7	30.2	11.4	3.8	0	0	0	0	0	0	85.2	7.1	12
1931	7.6	25.4	0	18	0	43.2	0	10.4	22.9	22.9	63.5	20.3	234.2	19.5	12
1932	0	35.6	0	0	0	0	0	0.1	0	44.5	0	33	113.2	9.4	12
1933	88.9	0	9	11.9	0	0	0	12.7	0	61	10.2	0	193.7	16.1	12
1934	0	0	53.3	0	0	0	0	0	0	0	0	73.7	127	10.6	12
1935	12.2	22.9	0	0	0	0	0	0	0	0	9.6	14.3	59	4.9	12
1936	71.1	33	0	0	0	0	0	10	0	30	44.7	3	191.8	16	12
1937	20	0	7.5	0	0	0	0	0	38.5	0	0	30	96	8	12
1938	0	21.5	5	0	0	0	0	45	0	0	0	35	106.5	8.9	12
1939	52	10.5	0	25	0			0			2.5	2	92	11.5	8
1944		20.3					0	0			9.5	16.5	46.3	9.3	5
1945	16.9	2.5	1.4	1	0								21.8	4.4	5
1947											2.5	2	4.5	2.2	2
1948	0	0	0	0	0	28.5	0	0	0	26.5	0	10.5	65.5	5.5	12
1949	25.5	0	0	0	0	0	0	0	20.5	0	0	4	50	4.2	12
1950	0	5.5	0	0	0	0	2.5	0	0	0	0	2.5	10.5	0.9	12
1951	3.5	0	0	2.5	0	0	2.5	17	0	0	6.5	9.5	41.5	3.5	12
1952	11.5	5.5	3.5	7.5	0	0	0	0	2.5	0	2	2.8	35.3	2.9	12
1953	0.2	0.5	7	0	0	0	0	0	0	0	1	0	8.7	0.7	12
1954	3.5	0.2	3.2	0	0	0	8	0	0.5	0	0	1.5	16.9	1.4	12
1955	20.3	0	0	0	0	0	5	29.8	0	0	0	2.8	57.9	4.8	12
1956	3.6	0	0	0	0.3	0	1	0	0	0	0		4.9	0.4	11
1957	6	0.1	3.5	0.6	0.3	0	0	37	0	27	0.3	1.9	76.7	6.4	12
1958	1	22	2.5	5.5	3	1.5	0.1	0	0.3	0.3	1.7	0	37.9	3.2	12
1959	2	2	0	15	0	0	0	3.4	78	45	0	17.5	162.9	13.6	12
1960	9.8	0.7	10	0	0	0	0	2.6	0	0	3	0.5	26.6	2.2	12
1961	2.2	0	0.6	0	0	0	0.8	32.6	0	0	0.2	14.1	50.5	4.2	12
1962	31	1	3.4	0	0	0	0	0	0.8	0	0	32	68.2	5.7	12
1963	3.5	2.5	2.5	0	0	0	0	4.8	38.5	4	15.5	0	71.3	5.9	12
1964	0	2.5	0.5	0	0	1.5	0.5	0	0.4	0.6	7.5	1.5	15	1.2	12
1965	3	6.5	1	4.5	0	0	0	7.5	0	0	3	32	57.5	4.8	12
1966	6.9	7	2.5	0	0	0	5.5	0	0	17		0	38.9	3.5	11
1967	1	0	0	0	0	0	0	3.5	36.5	0	24.3	10	75.3	6.3	12
1968	0	2.5	6.2	0	0	0	0.5	0	0	0.5	0.5	0.5	10.7	0.9	12
1969	12	1	0.5	0	0.1	0	4.2	0	26	0.5	25.5	3	72.8	6.1	12
1970	0.5	19.5	11.5	0	0	0	0	0	0	0	0	0	31.5	2.6	12
1971	0	0	0	1.5	0	0	0.5	22.5	11	4	0	0.4	39.9	3.3	12
1972	0	0	0	0		3.5	0	2.8	0	42	8.5	0	56.8	5.2	11
1973	0	65	5.5	0	0	0	0	10.5	0	0	5	0	86	7.2	12
1974	17.5	0	3	0	0	0	1.2	0	8	26	0	5	60.7	5.1	12
1975	0	0	2	11	0	0	9.5	8	2	0		8	40.5	3.7	11
1976	0	13	0	8	8	0	1	0	52	1	9	1.8	93.8	7.8	12
1977	1	0	0.5	0	0	0	0	40.5	0	0	0	13	55	4.6	12
1978	9.5	10	0	0	0	0	0	0	0	8	13.5	6.5	47.5	4	12
1979	17.5	0	7.5	0	1.5	0	25	58	0	0	1	1	111.5	9.3	12
1980		14.5	7	0	3	0	0	0					24.5	3.5	7
1981	17.5	1.5	7	0	1.5	1	0	26.3	1	0	3	0	58.8	4.9	12
1982	3.8	1.6	19	0	0	0	0	18.5	7	0	0	61	110.9	9.2	12
1983	0	46	28.5	0	0	0	0	39.5	1	1	0	15	131	10.9	12
1984	5.5	0	0	10	0	0	11	10	0	0	8.2	12.5	57.2	4.8	12
1985	0	1	0	0	0	0	0	0	5.5	6.5	8.5	20	41.5	3.5	12
1986	1.5	6	3.5	0	0	0		1	1.5	27.5	4	2.5	47.5	4.3	11
1987	2	7.5	0	0	0	0	0	0	1.5	5	1	6.5	23.5	2	12
1988	3.5	3.5	1.5	2.5	0	0	0	30.8	0	2.2	0	0	44	3.7	12
1989	14	0	1.9	0	0	0	4.4	3.1	0	0	0	0	23.4	2	12
1990	0.8	0	0	0	2.2	1	0	12.1	17.1	0	0	0	33.2	2.8	12
1991	9.8	8.7	5	0	0	0	0	6.2	1.7	0	6.2	17.2	54.8	4.6	12
1992	33.8	11.3	20.6	4.8	1.7	0	0	7.9	0	73.8	0	16.6	170.5	14.2	12
1993	28	3.6	0	0	0	0	0	0	0	1	19	0	51.6	4.3	12
1994	1.5	5.8	4.5	0	3.1	0	0	0	15	0	3	17.3	50.2	4.2	12
1995	17.3	2.2	1	2.9	0	0	0	0.3	0	0	0	1.3	25	2.1	12
1996	0	6.7	0.2	0	0	0	1.4	7.3	0	0	0	0.2	15.8	1.3	12
1997	4	1.8	0	1.4	0	0	8.9	0	45.6	0	0	13.7	75.4	6.3	12
1998	1.4	8.6	3.5	0	0	0	0.5	11.4	0.4	0	0.2	0.3	26.3	2.2	12
1999	0.1	5	0.1	0.1	0	0.1	22.7	0.9	2.5	0	0	0	31.5	2.6	12
2000	0	0.2	0.8	0.01	0	0.01	0.01	0.01	0	6.6	0.2	0.01	7.85	0.7	12
2001	2	8	6.1	0.01	0.2	0	1.3	0.01	0.01	0.5	0.01	0.01	18.15	1.5	12
2002	0.01	0	0.01	0.01	0	0	0	0	1.8	0.01	2.3	0.7	4.84	0.4	12
2003	0.01	11.4	5.4	0	0	0	0.01	1.3	0.01	0	3	0.01	21.14	1.8	12
2004	3.8	22	1.2	7.7	0	0	4.4	0.2	0.01	9.6	13.5	9	71.41	6	12
2005	10	5.5	4.4	0.01	0	0	0.01	35.7	6.9	22	0	0	84.52	7	12
2006	0	0.01	2.8	0	0.01	0.7	0.01	0.01	0.01	1.5	0	0	5.05	0.4	12
2007	0.01	0.1	0.2	0.1	0	0	0.01	0.01	0.9	0.01	35	0.1	36.44	3	12
2008	9	0.01	0	0	0.01	0	7.6	22	5.2	0	0.5	22.1	66.42	5.5	12
2009	0.01	4.6	0	0	0.01	0.01	0.01	0.01	0.01	0	0.01	1.1	5.77	0.5	12
2010	31	5.4	5.2	6	0	0	0.01	2.2	0.01	10.4	0	12.3	72.52	6	12
2011	0.01	22.5	0	0.01	0.01	0	44.9	0.01	8.9	8.3	1.6	37.8	124.04	10.3	12
2012	0.5	3	0.01	1.2	0	0	23.5	0.01	1	0.01	0.01	7.5	36.74	3.1	12
2013	15.3	0.2	0.01	0	0.01	0	8.4	12.3	25.8	0.5	12.3	2.1	76.92	6.4	12
2014	0.01	0.01	0.01		0.01	0	1.4	34.2	26.2	0.01	0.01	3	64.86	5.9	11
2015	4	0	12.7	0.01	17.5	4	4.9	0.01	0.01	0.01	0.01	0.7	43.85	3.7	12
2016	2.9	0	0.01	3.4	0.01	0.01	0	0	2.9	0.1	0.2	16	25.53	2.1	12
2017	15.1	4.1	0.01	0	7.6	0	0.01	21	10.2	0	0	0	58.02	4.8	12
2018	0	0.5	0.01	0	0	0	0.01	0	9.7	2.1	0.01	15.4	27.73	2.3	12
2019	4.2	6.6	0.3	0.2	0.01	0.01	0.01	0.01	10.8	0	13.5	7.3	42.94	3.6	12
2020	0.01	7.8	25.4	6	0	0	0.01	0	0	0	0.01	0.01	39.24	3.3	12
2021	18	0.5	0.5	0.01	0	0	0.01	12.3	4.3	1.3	0.01	6.3	43.23	3.6	12
2022	0.01	0.01	1	0	0	0.01	0.01	6.1	34.7	0.01	1.6	1.7	45.15	3.8	12
2023	6.8	0.5	4.8	0	0	0	8.5	26.5	22.4	0.01	3.2	4.1	76.81	6.4	12
2024	28.9	3.2	3	0	0	0	0.01	0.01	0	0	0.01	0	35.13	2.9	12
2025	0.01	0.01	1	0	0.01	0							1.03	0.2	6
MÍNIMA	0	0	0	0	0	0	0	0	0	0	0	0	1.03	0.2	2
MÁXIMA	88.9	65	53.3	30.2	17.5	43.2	44.9	58	78	73.8	63.5	73.7	234.2	19.5	12
MEDIA	8.9	6.4	3.9	2.1	0.7	1	2.6	8	7.2	6.4	4.8	8.5	58	5	11.5
DESV.ST	14.9	10.9	7.6	5.3	2.5	5.5	6.7	13	14.1	14.2	10.1	13.1	44.5	3.7	1.7

LLUVIA TOTAL MENSUAL
AÑO	ENE	FEB	MAR	ABR	MAY	JUN	JUL	AGO	SEP	OCT	NOV	DIC	ACUM	PROM	MESES
1930	28.7	0	31.2	30.2	12.4	3.8	0	0	0	0	0	0	106.3	8.9	12
1931	7.6	83.3	0	18	0	44.4	0	18.6	22.9	35.6	134.6	28.7	393.7	32.8	12
1932	0	130.8	0	0	0	0	0	0.1	0	57	0	60.2	248.1	20.7	12
1933	193	0	9	11.9	0	0	0	12.7	0	61	10.2	0	297.8	24.8	12
1934	0	0	53.3	0	0	0	0	0	0	0	0	82.6	135.9	11.3	12
1935	22.4	71.3	0	0	0	0	0	0	0	0	9.6	32.1	135.4	11.3	12
1936	79.2	62.7	0	0	0	0	0	10	0	30	55.7	4	241.6	20.1	12
1937	20	0	7.5	0	0	0	0	0	38.5	0	0	30	96	8	12
1938	0	37.7	10	0	0	0	0	107	0	0	0	66.3	221	18.4	12
1939	76.5	10.5	0	25	0			0			3.5	5	120.5	15.1	8
1944		35.7					0	0			27.5	26	89.2	17.8	5
1945	19.1	2.5	2.3	1	0								24.9	5	5
1947											3.5	4.7	8.2	4.1	2
1948	0	0	0	0	0	28.5	0	0	0	35.5	0	16	80	6.7	12
1949	67	0	0	0	0	0	0	0	20.5	0	0	6.5	94	7.8	12
1950	0	5.5	0	0	0	0	2.5	0	0	0	0	2.5	10.5	0.9	12
1951	5.5	0	0	6.5	0	0	2.5	20.5	0	0	12.5	9.5	57	4.8	12
1952	11.5	5.5	5.5	10	0	0	0	0	2.5	0	3	2.8	40.8	3.4	12
1953	0.2	0.5	7.2	0	0	0	0	0	0	0	1	0	8.9	0.7	12
1954	5.8	0.4	3.7	0	0	0	8.9	0	0.5	0	0	1.5	20.8	1.7	12
1955	57.9	0	0	0	0	0	5.2	34.1	0	0	0	2.8	100	8.3	12
1956	4.8	0	0	0	0.3	0	1	0	0	0	0		6.1	0.6	11
1957	15	0.1	3.5	0.6	0.3	0	0	40.3	0	48.2	0.3	2	110.3	9.2	12
1958	1	33.4	5.5	7.2	3	1.5	0.1	0	0.3	0.5	1.9	0	54.4	4.5	12
1959	2	4	0	15	0	0	0	3.4	78	58	0	38.5	198.9	16.6	12
1960	15.2	0.7	10	0	0	0	0	2.6	0	0	4.5	0.8	33.8	2.8	12
1961	2.2	0	0.6	0	0	0	0.8	55.4	0	0	0.2	15.4	74.6	6.2	12
1962	31.2	1.1	6.1	0	0	0	0	0	0.8	0	0	35.1	74.3	6.2	12
1963	3.5	2.8	2.5	0	0	0	0	9.4	38.5	4.5	17	0	78.2	6.5	12
1964	0	2.5	0.5	0	0	1.5	0.5	0	0.4	0.6	7.5	1.5	15	1.2	12
1965	4.5	6.7	1.5	8	0	0	0	7.7	0	0	5.2	76.5	110.1	9.2	12
1966	9.3	7	2.5	0	0	0	16.1	0	0	19.5		0	54.4	4.9	11
1967	1	0	0	0	0	0	0	4.5	43.5	0	30.3	30	109.3	9.1	12
1968	0	3	9.3	0	0	0	0.8	0	0	0.5	0.5	0.5	14.6	1.2	12
1969	21.3	1	0.7	0	0.1	0	5.7	0	28.2	0.5	44	3	104.5	8.7	12
1970	0.5	22.5	15.5	0	0	0	0	0	0	0	0	0	38.5	3.2	12
1971	0	0	0	1.5	0	0	0.5	22.5	14.5	6	0	0.4	45.4	3.8	12
1972	0	0	0	0		3.5	0	2.8	0	94	10	0	110.3	10	11
1973	0	71	11.5	0	0	0	0	15	0	0	5	0	102.5	8.5	12
1974	19	0	3	0	0	0	1.2	0	8	30	0	10	71.2	5.9	12
1975	0	0	2	14.5	0	0	9.5	8	2	0		8	44	4	11
1976	0	25	0	11	8	0	1	0	52	1	9	1.8	108.8	9.1	12
1977	1	0	0.5	0	0	0	0	72	0	0	0	13	86.5	7.2	12
1978	23.81	19	0	0	0	0	0	0	0	12.5	15.5	12	82.81	6.9	12
1979	34.5	0	14.5	0	1.5	0	27	62.5	0	0	1	1	142	11.8	12
1980		33.5	16	0	3	0	0	0					52.5	7.5	7
1981	19	1.5	17	0	1.5	1	0	26.3	1	0	3	0	70.3	5.9	12
1982	6.8	1.6	19	0	0	0	0	21	8	0	0	91.5	147.9	12.3	12
1983	0	54.5	34.5	0	0	0	0	86.5	2	1	0	25	203.5	17	12
1984	12.5	0	0	10	0	0	25	10	0	0	16.7	28.5	102.7	8.6	12
1985	0	2	0	0	0	0	0	0	11	10	10	21	54	4.5	12
1986	1.5	6	6	0	0	0		1.1	2	27.5	6	4.5	54.6	5	11
1987	2	10.5	0	0	0	0	0	0	1.5	13.5	2.5	11	41	3.4	12
1988	3.5	3.5	1.5	4	0	0	0	33.8	0	2.2	0	0	48.5	4	12
1989	15.2	0	1.9	0	0	0	4.4	4.2	0	0	0	0	25.7	2.1	12
1990	0.8	0	0	0	2.2	1	0	25.4	19.3	0	0	0	48.7	4.1	12
1991	17.9	8.7	15.6	0	0	0	0	6.2	1.7	0	6.2	33.8	90.1	7.5	12
1992	52	22.1	53.4	4.8	2.3	0	0	13.8	0	82.1	0	36.4	266.9	22.2	12
1993	77.23	8.1	0	0	0	0	0	0	0	2.5	19.5	0	107.33	8.9	12
1994	1.5	10.6	10	0	3.1	0	0	0	15	0	3	27.9	71.1	5.9	12
1995	43.91	2.2	1.6	2.9	0	0	0	0.3	0	0	0	1.3	52.21	4.4	12
1996	0	6.7	0.2	0	0	0	1.4	7.3	0	0	0	0.6	16.2	1.4	12
1997	8.7	1.8	0	1.8	0	0	12.9	0	76	0	0	24.6	125.8	10.5	12
1998	1.9	21.2	6.4	0	0	0	0.5	12.2	0.4	0	0.3	0.6	43.5	3.6	12
1999	0.1	5.4	0.5	0.4	0	0.1	32.6	0.9	2.9	0	0	0	42.9	3.6	12
2000	0	0.23	1.03	0.01	0	0.01	0.02	0.06	0	7.53	0.21	0.02	9.12	0.8	12
2001	3.13	13.12	6.32	0.02	0.2	0	1.34	0.03	0.02	0.5	0.04	0.05	24.77	2.1	12
2002	0.01	0	0.02	0.02	0	0	0	0	1.84	0.01	3.72	0.7	6.32	0.5	12
2003	0.04	24.92	5.42	0	0	0	0.03	1.35	0.02	0	3.02	0.02	34.82	2.9	12
2004	5.31	22.71	2.21	11.51	0	0	4.4	0.2	0.01	21.4	13.51	9.03	90.29	7.5	12
2005	19.83	19.82	6.91	0.02	0	0	0.03	56.91	6.91	23	0	0	133.43	11.1	12
2006	0	0.01	4.61	0	0.01	0.71	0.05	0.01	0.01	1.5	0	0	6.91	0.6	12
2007	0.02	0.11	0.21	0.11	0	0	0.01	0.04	1.01	0.02	45.4	0.12	47.05	3.9	12
2008	12.21	0.04	0	0	0.01	0	8.4	36.72	6.21	0	0.53	28.8	92.92	7.7	12
2009	0.01	8.2	0	0	0.03	0.02	0.02	0.01	0.01	0	0.02	1.12	9.44	0.8	12
2010	50.11	14.21	9.71	6.31	0	0	0.01	2.23	0.01	24.62	0	15.01	122.22	10.2	12
2011	0.01	24.6	0	0.01	0.01	0	49.41	0.01	9.52	8.3	3.6	42.91	138.38	11.5	12
2012	0.51	3.71	0.03	1.21	0	0	26.33	0.04	1.02	0.01	0.01	8.2	41.07	3.4	12
2013	16.92	0.42	0.02	0	0.01	0	8.43	25.71	32.61	0.51	20.1	2.1	106.83	8.9	12
2014	0.01	0.01	0.01		0.01	0	1.43	47.02	26.21	0.01	0.01	7.7	82.42	7.5	11
2015	5.24	0	13.42	0.01	17.5	4.02	8.81	0.01	0.03	0.01	0.02	0.7	49.77	4.1	12
2016	10.23	0	0.01	8.3	0.01	0.01	0	0	3.32	0.1	0.2	27.9	50.08	4.2	12
2017	20.66	8.91	0.01	0	9.6	0	0.02	25.81	10.72	0	0	0	75.73	6.3	12
2018	0	0.51	0.01	0	0	0	0.04	0	9.7	2.3	0.01	20.7	33.27	2.8	12
2019	10.21	8.61	0.61	0.2	0.02	0.01	0.01	0.03	10.8	0	18.1	13.62	62.22	5.2	12
2020	0.01	7.81	46.32	15.61	0	0	0.01	0	0	0	0.02	0.02	69.8	5.8	12
2021	26.21	0.6	0.73	0.01	0	0	0.03	13.84	5.6	1.3	0.02	7.71	56.05	4.7	12
2022	0.01	0.01	1.01	0	0	0.01	0.02	6.65	35.42	0.01	1.6	3.51	48.25	4	12
2023	9.7	0.52	6.72	0	0	0	8.52	36.33	22.41	0.01	3.9	4.2	92.31	7.7	12
2024	30.72	4.3	7.42	0	0	0	0.02	0.03	0	0	0.01	0	42.5	3.5	12
2025	0.01	0.01	1.02	0	0.02	0							1.06	0.2	6
MÍNIMA	0	0	0	0	0	0	0	0	0	0	0	0	1.06	0.2	2
MÁXIMA	193	130.8	53.4	30.2	17.5	44.4	49.41	107	78	94	134.6	91.5	393.7	32.8	12
MEDIA	14.4	11.2	5.8	2.6	0.7	1	3.2	11.5	7.9	8.5	6.9	13	83.4	7.3	11.5
DESV.ST	26.9	21.4	10.7	5.7	2.6	5.6	8.2	20.7	15.8	18.8	17.4	19.6	68.6	5.8	1.7

EVAPORACIÓN MENSUAL
AÑO	ENE	FEB	MAR	ABR	MAY	JUN	JUL	AGO	SEP	OCT	NOV	DIC	ACUM	PROM	MESES
1930	82.5	113.3	159.5	232.1	312.7	311.1	284.5	256.5	294.4	225.4	225.6	233.6	2731.2	227.6	12
1931	185.3	86.4	180.6	224.9	306.8	314.7	105.6	284.5	242.7	156.6	94	64.7	2246.8	187.2	12
1932	90.9	96.5	152.6	247	322.3	315.2	340.9	315.2	250.9	149.1	76.7	58	2415.3	201.3	12
1933	64.7	88.6	161.7	195.3	281	286.4	305.9	264.45	187.4	119.8	100.7	75.1	2131.05	177.6	12
1934	91.6	102.2	176.8	229	309.6	269.3	280.5	237.4	216.1	146.8	102.7	63.1	2225.1	185.4	12
1935	64	85.3	151.8	215.4	272.1	303.7	253.2	210	185.2	147.9	73.3	55.6	2017.5	168.1	12
1936	68.3	109.9	172.2	211.2	248.9	272.4	256.6	216.9	179.8	137.9	98	69.7	2041.8	170.2	12
1937	86	104.2	149.7	203.9	203.5	261.1	267.8	228.1	181	133.1	82.2	64.9	1965.5	163.8	12
1938	77.5	76.8	163.1	220.5	270.7	279.9	269.3	222.1	185.7	148.3	92.9	53.9	2060.7	171.7	12
1939	67	89.9	143.4	215.5	284.9			211.8					1012.5	168.8	6
1944		70.5					250.1	228.5			65	53.8	667.9	133.6	5
1945	42.1	75.9	111.6	174.5	251.9								656	131.2	5
1948			111.6	157.2	193.8	191.5	209.3	186.7	158.1	107.3	77.8	48.9	1442.2	144.2	10
1949		73.5	113	149.4		280.7	313.8	280	252.1	147.7	90.1	58.6	1758.9	175.9	10
1950	74.8	90.8	165.4	221.3	285.6	316.9	288.5	297.4	224	163.2	100.1	67.5	2295.5	191.3	12
1951	71.6	106.7	165.8	198.3	286.4	297.7	314.2	271	213	173.7	80.4	63.8	2242.6	186.9	12
1952		101	152.3	194	297.5	332.8	329.3	273.2	243.6	169.7	83.5	53.8	2230.7	202.8	11
1953	79.5	104.1	143	196.4	262.8	299.9	311.5	269.3	202.4	135	74.7	58.2	2136.8	178.1	12
1954	51.7	100.8	131.5	216.3	269.5	302.9	313.6	269	214.4	141.6	84.4	53.8	2149.5	179.1	12
1955	54.7	90.1	152.4	211.7	261.5	283.3	296.1	251.2	220.4	148.6	76.7	49	2095.7	174.6	12
1956	54.9	85.8	169.2	189	168.6	304.4	299.1	286.4	232.5	177.5	99.1		2066.5	187.9	11
1957	69.2	88.9	168.9	246.9	312.4	367.1	378.8	275.7	253.2	134	81.9	66.9	2443.9	203.7	12
1958	93	86.4	141.8	233.6	321.8	377.3	378	340.2	262.9	173.8	97.2	71.8	2577.8	214.8	12
1959	79.1	88.3	190.8	231.4	301.4	363.8	363.1	328.2	219.3	141.5	83.7	54.8	2445.4	203.8	12
1964										207.9	123.3	87.2	418.4	139.5	3
1965	82.3	121.8	146.2	198.3	333.8								882.4	176.5	5
1969	61.5	62.4	124.2	164.31	198.23	220.2		213.7		106.9	67.7	30.99	1250.13	125	10
1970		58.6	102.9					223.9	176.3	108.8	58	35.5	764	109.1	7
1971				194	257.7	300.3							752	250.7	3
1972								220.2	162.5	81.3		45.1	509.1	127.3	4
1973	50.3	48.9	109.4	201.7	234.8	249.8	279.4	248.8	167.5	117.4	49.6	45	1802.6	150.2	12
1974	47.4	70	111.9	186.6	229.7	265	236.4	242.4	192	109.4	57	48.4	1796.2	149.7	12
1975	50.1	65.8	114.8	153.8	208.2	235.2	237.8	221.4	162	114.1		52.2	1615.4	146.9	11
1976	48.6	42.5	103.1	136.2	197.3	265.5	252.8	243.2	153.8	103.7	59.8	43.1	1649.6	137.5	12
1977	42	59.4	111.4	153.4	190.6	258.7	252.9	231.1	166.2	101.4	69.7		1636.8	148.8	11
1978	242.2		96.8	147.7	199.5	265.4	241.4	229.9	177.1	99.4	47.6	27.8	1774.8	161.3	11
1979	30.9	52.9	97.3	156.1	200.7	266.3				115.4	56.1	38.6	1014.3	112.7	9
1980		48.5	99.5	145.9	176.4	230.3	246.9	223.2					1170.7	167.2	7
1981	27.1	54.2	63.5	56.9	168.1	272.3	251.8	192.9	184.3	99.6	50.8	28.5	1450	120.8	12
1982	29.7	29.1	72.1	150.1	186.3	226.6	227.8	214.9	131.4	93.1	45.5	28.1	1434.7	119.6	12
1983	26.9	28	77.6	153.5	161.9	168.3	215.7	115.9	133.5	86.74	40.1	21.3	1229.44	102.5	12
1984				154.2	219.6	215.3	183.9	197.1	173.1	103.7	36.5	16.7	1300.1	144.5	9
1985	23.2	75.2	161.8	196.9	276.2	372.8	384	343.6	215.4	158.2	97	67.6	2371.9	197.7	12
1994									177.2	130.7	78.5	38.5	424.9	106.2	4
1995	63.43	77.4	130.6	194.7	230.8	217.31	294.2	257.1	212.6	159.1	93.4	62.2	1992.84	166.1	12
1996	74.9	83.7	133	193.3	270.89	277.35	233.29	229.55	183.9	173.3	82.4	56.9	1992.48	166	12
1997	70	85.9	136.7	178.6	227.8	212.7	238	217.2	165.1	130.3	74.8	50.06	1787.16	148.9	12
1998	46.3	77.5	87	154.2	185.6	222.67	251.6	238.2	182.8	160.3	93.7	72.84	1772.71	147.7	12
1999	68.98	81.49	129.35	171.42	218.81	255.27	256.34	250.18	173.31	140.25	67.7	57.58	1870.68	155.9	12
2000	55.18	66.87	110.07	185.34	237.43	254.34	268.26	216.92	168.82	107.47	59.4	57.25	1787.35	148.9	12
2001	44.11	66.69	95.04	148.78	209.08	266.29	263.91	225.81	177.05	115.33	85.33	49.76	1747.18	145.6	12
2002	56.18	65.3	123.17	151.4	219.61	254.77	263.23	222.53	164.01	106.77	77.36	59.9	1764.23	147	12
2003	70.57	68.09	114.05	162.08	210.69	236.93	243.13	221.57	177.12	135.86	67.01	62.55	1769.65	147.5	12
2004	52.62	110.81	217.12	285.79	388.64	406.36	412.86	364.46	292.28	172.64	110.25	80.65	2894.48	241.2	12
2005	62.99	62.07	165.96	203.7	275.34	316.57	333.22	271.74	241.24	155.07	71.52	74.47	2233.89	186.2	12
2006	92.47	118.41	172.03	224.41	317.06	366.38	376.31	350.59	277.17	196.1	123	86.49	2700.42	225	12
2007	92.13	123.84	196	239.72	325.12	362.39	369.13	353.34	269.07	212.23	114.19	74.52	2731.68	227.6	12
2008	82.48	118.62	201.14	257.74	313.09	375.45	354.4	309.33	257.37	211.51	126.11	87.28	2694.52	224.5	12
2009	109.59	109.18	194.49	247.8	334.7	327.03	394.57	359.71	288.7	202.5	113.72	82.51	2764.5	230.4	12
2010	88.43	102.37	185.37	235.78	327.76	352.63	387.54	351.83	282.37	179.03	131.85	73.9	2698.86	224.9	12
2011	107.96	111.32	189.23	259.07	194.05	357.46	361.48	364.93	275.45	187.57	100.24	69.15	2577.91	214.8	12
2012	87.7	124.04	180.84	246.07	334.64	372.75	363.66	320.28	269.73	208.69	117.1	83.71	2709.21	225.8	12
2013	89.13	117.06	203.77	266.05	328.8	367.61	352.07	323.46	258.58	177.28	99.07	78.32	2661.2	221.8	12
2014	90.39	108.79	194.37	267.35	349.68	392.98	377.55	314.79	267.06	175.47	111.62	64.73	2714.78	226.2	12
2015	67.82	115.87	193.36	258.7	287.6	351.24	330.14	344.72	251.69	207.38	124.15	90.97	2623.64	218.6	12
2016	69.67	130.94	211.29	240.55	302.5	372	395.98	355.35	262.34	196.83	114.33	77.13	2728.91	227.4	12
2017	81.28	103.51	204.62	265.67	312.06	359.11	374.49	350.85	242.26	195.56	96.73	83.48	2669.62	222.5	12
2018	88.78	107.08	182.74	273.24	322.31	352.5	365.6	342.61	289.51	183.05	102.26	72.35	2682.03	223.5	12
2019	65.84	96.06	175.59	258.98	288.96	341.34	366.19	343.42	272	198.99	95.65	62.49	2565.51	213.8	12
2020	78.66	110.16	145.37	223.79	347.51	364.96	387.32	359.46	265.42	199.54	118.08	81.25	2681.52	223.5	12
2021	79.85	121.04	158.08	234.37	280.05	308.46	307.42	278.49	224.34	168.4	105.73	78.73	2344.96	195.4	12
2022	78.93	112.8	167.48	233.84	287.89	310.46	315.28	265.48	204.9	163.56	106.1	69.43	2316.15	193	12
2023	86.95	99.18	155	225.55	272.42	306.2	340.59	267.66	227.11	181.32	109.17	64.12	2335.27	194.6	12
2024	67.29	92.76	160.27	217.33	279.87	313.38	329.19	299.09	267.2	192.45	110.45	74.61	2403.89	200.3	12
2025	84.73	116.55	176.51	214.01	274.88	109.78							976.46	162.7	6
MÍNIMA	23.2	28	63.5	56.9	161.9	109.78	105.6	115.9	131.4	81.3	36.5	16.7	418.4	102.5	3
MÁXIMA	242.2	130.94	217.12	285.79	388.64	406.36	412.86	364.93	294.4	225.4	225.6	233.6	2894.48	250.7	12
MEDIA	72.9	88.5	148	204.1	264.1	296	302	269.7	216.6	151.6	89.3	63.2	1940	177.6	10.7
DESV.ST	32.6	24.2	36.8	42.2	53.8	59.2	62.2	55.5	44.6	36.9	28.5	27.1	661	37	2.5

TEMPERATURA MÁXIMA PROMEDIO
AÑO	ENE	FEB	MAR	ABR	MAY	JUN	JUL	AGO	SEP	OCT	NOV	DIC	ACUM	PROM	MESES
1930	17.4	24.8	25.4	31.1	30.8	39.6	41	41	39.1	29.8	26	21.1		30.6	12
1931	22.6	20.6	26.8	31	35.7	37	42.4	38.3	36.5	30.5	22.4	17.5		30.1	12
1932	17.6	20.7	25.8	29.5	32.8	37.5	39.6	40.3	38.8	29.2	25.6	17.4		29.6	12
1933	17.2	18.6	26.1	26.6	30.7	38	41.1	40.4	37.5	33.5	25.6	20.7		29.7	12
1934	21.2	23.6	30.8	32.7	35.7	35.2	40.9	39.8	37.4	33	25.6	19.7		31.3	12
1935	18.3	21.1	23.1	28.4	31.9	40.4	40.1	38.7	38.1	30.7	22.1	19.7		29.4	12
1936	19.6	21.6	27	31.5	35.6	39.3	40.5	39.8	36.8	30.3	23.8	19.7		30.5	12
1937	13.8	20.9	23.8	28.9	33.7	38.4	40.7	40.8	38.4	32.4	25.3	21		29.8	12
1938	20.4	20.2	22.1	28.6	33.6	37.2	39.6	38.9	38.1	29.7	22	19.7		29.2	12
1939	18.7	17.9	25	30.7	34.3			40.1						27.8	6
1944		20.9					41.6	41.3			24.3	23.1		30.2	5
1945	20.9	22.1	22.6	29.4	33.9									25.8	5
1948			23.1	29.7	33.6	38	40.1	40.2	27.4	28	23.3	19.6		30.3	10
1949	15.7	23.2	39.2	34.1	40.8	41.5	40.5	42.6	41.3	38.2	37.6	21.7		34.7	12
1950	19.2	23.9	27.5	33.1	32	36.7	40.4	42.5	39.4	36.4	29.2	25.3		32.1	12
1951	20.3	20.6	24.4	28.6	34.1	38.7	42.4	40.5	41.2	32.5	24.4	19.3		30.6	12
1952	18.5	21.7	26.5	29.8	39.3	39.3	44.1	44.1	41.4	47.1	31.8	28.4		34.3	12
1953	24.5	23.9	27	30.1	31.8	40.3	43.5	42.6	41.1	33.9	27.3	21.6		32.3	12
1954	21.8	27.5	25.5	34.3	37.2	39.4	42.7	41.1	41	35.6	28.6	21.5		33	12
1955	17.7	21	26.9	29.6	33.8	39.8	40.7	40.9	40.7	36.3	27	22.7		31.4	12
1956	22.4	21.9	28.7	30.6	36.2	41.4	41.9	42.2	42.7	32.1	26.1			33.3	11
1957	18.2	24.9	26	29.7	31.9	41.3	43	40.4	39.9	29.5	22.8	22.1		30.8	12
1958	22.2	23.2	22.6	29.7	37.1	39.4	42.3	41	39.8	34.2	25.8	25.1		31.9	12
1959	23.4	21.7	28.7	32.8	33.2	41.9	42.5	40.6	37.6	33	26.4	20.3		31.8	12
1960	17.9	21.8	29.2	32	35.2	43	43.6	42	40.6	32	25	20		31.9	12
1961	21.5	23.6	25.4	30.9	32.7	40.3	41	40.1	36	31.5	23.2	19.7		30.5	12
1962	20.1	21.8	23.5	34	33.4	39.5	41.7	43	39	33	27.9	21.7		31.6	12
1963	18.6	27.1	25.7	27.7	36	37.5	42.8	39.9	39.4	33	24	20.4		31	12
1964	18.2	21.2	23.9	28.2	33.6	38.9	41.6	40.7	38.2	35.2	23	21.2		30.3	12
1965	21.1	22.9	24.4	29.1	33.1	36.5	41.6	41.3	36.2	35.3	25.2	18.1		30.4	12
1966	17.7	19.9	27	31.8	35.9	39.9	41.3	41.7	38.4	31.4		21.4		31.5	11
1967	21	24.1	26.6	24.8	34.2	37.6	42	42.2	36.5	33.7	27.4	17.3		30.6	12
1968	19.5	25.6	25.9	28.6	34.4	40.1	40.7	39	38.3	31.6	25.1	18.9		30.6	12
1969	20.8	21.1	25.1	29.5	35.5	36.9	41.3	43	39.6	29.8	24.3	21		30.7	12
1970	20.5	24	24.7	27.4	35	39.3	42.3	41.3	37.6	31	26	19.8		30.7	12
1971	21.2	23.6	27.5	28.7	30.6	37.9	42.6	40.3	38.1	28.4	24.4	18		30.1	12
1972	20.2	26.2	30.8	34.4		39.1	43.6	39.7	36.6	27.5	23.6	19.2		31	11
1973	19.7	22.2	22.9	28.6	35.9	40.1	41.3	40.9	38.2	32.9	25.4	22.3		30.9	12
1974	20	23.5	27.3	30	35	42.2	40.5	41.5	39.7	32.8	26	19.4		31.5	12
1975	21.1	22.8	24.3	25.1	33.7	37.9	40.6	41.5	38.1	30.3		21.4		30.6	11
1976	22.4	22.8	24.4	27.8	34.7	39.5	40.7	40.5	34	31.4	26.7	21.4		30.5	12
1977	20.6	26.1	23.3	31.4	30	40.5	42.6	40.6	38.2	34.2	28	23.5		31.6	12
1978	19.6	22.8	26.8	28	34.8	42.2	42.9	41.5	37.2	34.4	24	17.9		31	12
1979	17.5	22.4	25	31	33.4	40.9	42.2	39.4	41.2	34.1	24.7	23.2		31.2	12
1980		23.8	24.2	29.7	31.7	40	42.7	41.9						33.4	7
1981	23.8	25.9	26.5	32.5	34.4	42.5	42.7	42.9	39.6	31.5	27.6	22.7		32.7	12
1982	19.8	23.1	23.8	30	34.2	37.8	41.1	41	38	32.3	23.7	18.9		30.3	12
1983	22.4	22.4	25.4	27.2	36	38	40.4	38	37.8	32.5	25.2	21.4		30.6	12
1984	21.7	24.9	27.7	29.9	38.8	39.3	39.4	39.7	39.6	30.3	24.8	16.7		31.1	12
1985	19.6	22.7	27.4	34.7	36.5	42.6	43.7	42.9	37.1	32.3	25.1	22.3		32.2	12
1986	24.9	25.8	29.8	31.8	37.1	42.6		43	37	32.3	27.3	21.8		32.1	11
1987	21.7	24	26.3	35.5	35.7	42.9	42.9	42.7	41.1	35	25.5	19.2		32.7	12
1988	21.8	25.6	29.5	29.9	35.4	38.6	40.7	39	35.8	34	25	21		31.4	12
1989	18.2	22.2	28.9	34.1	36.7	40.9	44.6	41.5	39.3	33.2	24.8	20.9		32.1	12
1990	22.1	20.7	24.8	29.1	34.5	40.6	42.8	41.3	39.1	33.1	26.9	19.2		31.2	12
1991	20.4	26.6	21.5	28.9	32.9	38.3	41	43.4	39.7	36.3	25.2	19.4		31.1	12
1992	19.6	24.2	25.5	31.4	36.9	39.6	42.2	44.1	40	33.6	25.3	18.7		31.8	12
1993	19.4	20	28.9	30.4	35.4	39.4	41.7	41.1	38	32.4	23	20.4		30.8	12
1994	21.6	20.8	24.9	30.7	34.1	43.8	44.4	43.7	39.7	31	21.2	19.4		31.3	12
1995	19.6	25.9	26.7	29.4	31.8	39.1	43.9	44.2	41.7	33.5	28	21.6		32.1	12
1996	22	24.5	28.2	32.5	38.6	42.5	43.7	43.4	38.4	32.4	25.4	21		32.7	12
1997	21	22.9	29.9	31.1	39.8	40.1	42.7	42.9	38.6	30.5	25.5	17.4		31.9	12
1998	19.6	19.3	24.8	27.9	32	38.3	43.2	42.4	37.1	31.2	24.5	20.3		30	12
1999	22.3	23.4	25.4	27.8	35.7	39.9	42	42.1	39.1	35.5	27.7	21.7		31.9	12
2000	23.2	23.6	26.8	33.6	39.4	41.7	43.6	42.4	38.8	29.6	21.8	21.6		32.2	12
2001	19	20.6	26.4	29.1	39.4	42.4	43	42.6	39.9	33.9	26	18.7		31.8	12
2002	19.9	23.6	25.3	30.7	35.8	42.7	43.9	42.3	38.8	30.3	25.3	19.8		31.5	12
2003	24.4	21.1	26.2	27.4	35.5	40.7	43.2	40.9	39.6	35.1	22.5	20.1		31.4	12
2004	20.1	22.4	32.6	32	37.9	40.9	43.8	43.2	40.2	32.9	25.1	22.5		32.8	12
2005	21.3	22	26.8	31.2	36.4	40.2	44.9	42.9	39.7	32.8	27	22.3		32.3	12
2006	22.4	25.1	23.3	28.9	37.1	42.6	43.9	42.6	39	31.5	27.8	20.9		32.1	12
2007	19.6	24.4	29.3	31.6	36.5	41.4	43.1	43.2	38.3	32.5	27.6	18.7		32.2	12
2008	19.3	23.4	28	31.4	33.8	42.3	42.5	41.7	40.6	34.4	28.2	20.2		32.1	12
2009	23.2	23.1	26.9	30.4	39.2	38.3	45	43.1	41.3	31.9	27	19.7		32.4	12
2010	21.5	22.8	25.8	28.4	33.6	40.5	43.5	42.5	41	30.8	25.2	22.2		31.5	12
2011	21.8	21.1	27.7	30.6	33.5	40.5	42.7	44.8	40.5	34.1	24.4	19		31.7	12
2012	22.8	23.6	26.9	31.3	38	42	42.1	42.9	40.5	33.9	27.5	21.3		32.7	12
2013	19.3	22.5	30.2	32.7	36.9	42.9	42.9	41.8	39.4	31.3	25.5	21.2		32.2	12
2014	24.8	26.9	29.5		37.1	42.4	43.4	41.7	40.4	34.9	26.4	20.4		33.4	11
2015	22.1	27.7	30.8	31.7	33	42.2	41.7	45	40.8	34.1	24.2	20.2		32.8	12
2016	20.5	27.3	30	31.7	34.3	43.8	44.9	43.5	38.2	34.9	26.7	20.6		33	12
2017	19.7	24.4	30.4	32.8	35.8	43.4	43.9	43.7	37.6	34.3	28.4	22.9		33.1	12
2018	24	23.8	27	34	35.9	42.2	44.2	44.1	42.3	32	26.1	20.7		33	12
2019	20.4	20	26.3	32.8	32	40.9	43.8	44.8	38.9	32.2	27.2	18.9		31.5	12
2020	22.8	24.5	24.4	32	38.7	41.1	45.1	45.6	42.4	35.7	26.2	20.5		33.2	12
2021	20.6	24.5	27.3	34.1	38.3	44.8	45.1	44.3	42.2	34	31.4	23.9		34.2	12
2022	24	25.9	30.8	34.8	39.1	44.9	46.2	45.2	41.8	35.6	26.1	23.1		34.8	12
2023	22.2	23.4	26.7	34.6	37.5	40.3	48.3	44.2	41	36.2	28.1	24.5		33.9	12
2024	22.9	25.6	28.1	33.5	38.6	45.4	48.4	46.8	44.4	39.7	27.3	26.6		35.6	12
2025	23.2	28.7	29.3	33.6	38.7	42.9								32.7	6
MÍNIMA	13.8	17.9	21.5	24.8	30	35.2	39.4	38	27.4	27.5	21.2	16.7		25.8	5
MÁXIMA	24.9	28.7	39.2	35.5	40.8	45.4	48.4	46.8	44.4	47.1	37.6	28.4		35.6	12
MEDIA	20.7	23.2	26.6	30.7	35.2	40.3	42.5	41.9	39.1	33	25.8	20.8		31.6	11.6
DESV.ST	2.1	2.2	2.7	2.3	2.4	2.1	1.7	1.8	2.2	2.7	2.4	2.1		1.5	1.5

TEMPERATURA MÁXIMA EXTREMA
AÑO	ENE	FEB	MAR	ABR	MAY	JUN	JUL	AGO	SEP	OCT	NOV	DIC	ACUM	PROM	MESES
1930	22.5	30	33	39	39	44.5	44	45	43	34	37	29		36.7	12
1931	27.5	24	34	36	42	42.4	46	44.2	42.2	36	32.5	22		35.7	12
1932	23.6	29.2	33.2	35	39	43.2	44	44.2	44	36.6	28.4	24.8		35.4	12
1933	22.8	26	30	35.5	41.4	43.5	44.6	46.8	42	39	30.2	25.6		35.6	12
1934	25.8	26	36.2	37.4	43	39.8	45.8	45	43	41	32	24.5		36.6	12
1935	26.8	28	31.6	34.5	37.8	46	45	44.4	42	35.8	26.4	24.5		35.2	12
1936	22.6	27.2	32.2	37.6	41.5	45	45	43	41.6	37.6	30.6	24		35.7	12
1937	19	27.5	29.8	37.8	43	42	45	44	43	35	30.7	25.6		35.2	12
1938	24.8	24.5	29.5	38.5	40.8	42	43	43	40.7	36.6	26.6	27.6		34.8	12
1939	23.6	26.5	32	37	41.4			42.5						33.8	6
1944		26.9					46.4	45.9			31.5	26.9		35.5	5
1945	28	28.8	30.5	38	39.1									32.9	5
1948			26.4	37.4	39.8	43.7	43.7	44.8	36.5	35	29.5	23		36	10
1949	21	40.5	46.5	39	48	49	51	50	48	45	49	31		43.2	12
1950	24.5	30	36.5	40.5	40.5	44	44.5	48	49	41	33.5	30		38.5	12
1951	28	30.5	33	36	42	45	46.5	45.5	45	42	31.5	28		37.8	12
1952	26	28	42	35	45	45	48	47	48	54	42	35.5		41.3	12
1953	29	29.5	34	39.4	39.4	47.8	47	46.3	45.5	40	33.5	27.1		38.2	12
1954	29.2	34	32	40.8	41.5	46.2	48.5	45.6	44	42.3	31.5	26.5		38.5	12
1955	23	29.5	33.2	35.8	41.8	46.7	45.6	44.1	46	42.2	33.5	31.3		37.7	12
1956	28.7	28.7	36	37.8	41.5	47	45	45.5	46.2	40	32.1			39	11
1957	22.5	31.3	33.8	35.2	39.6	49	47.4	44.7	45	38.9	27.2	27		36.8	12
1958	25.2	28.6	26.5	38.8	42.4	44.5	48	43.9	44.7	40.1	35.5	30.6		37.4	12
1959	28.4	27.9	33.9	38.6	37.1	48.7	46.7	44.2	43.7	38.6	30.5	27.4		37.1	12
1960	24.9	27.9	35.4	37.5	43.2	47.5	48.2	48	46.3	39.5	34.1	24.2		38.1	12
1961	25.7	30	31.7	38.4	38.9	46.7	46.8	45	40.3	37.8	28.8	27.1		36.4	12
1962	29.2	27.2	33	40.1	40	46	44.7	46.6	45.5	40.3	34.6	27.5		37.9	12
1963	23.5	34.7	34	35.2	41.4	44.6	46	44	46	40.2	30.5	26.2		37.2	12
1964	24.9	27.2	32.3	37	40	46.8	47	45	43	42	30.5	29.8		37.1	12
1965	29	31	30	40	41	42	46.7	45	44	41	33	26		37.4	12
1966	23	25	36	37.6	41	45	46	45.7	44	35		35		37.6	11
1967	27	29.5	34	31	42.5	45	45.8	45.8	41	37.5	33.8	24		36.4	12
1968	24.5	32.5	34.5	35	42.5	47	46	42	44.5	36	30	24.9		36.6	12
1969	27.5	26	36	34	42	44	45.6	51	46	39	31	26.5		37.4	12
1970	26	28	32.5	35	42	48	45.5	45.5	43.5	37	31	26		36.7	12
1971	32	32	37	37	38.2	43.7	46	44.5	46.5	38	30	24.5		37.5	12
1972	26	33	37	40		47	47	47.6	41.5	40	28	27.5		37.7	11
1973	26	27	27	37.5	43	47	46	44	44	38	36	27		36.9	12
1974	26	30	34	35	43.5	47	45	44	45	41	32	25		37.3	12
1975	28	32	32	32	40	43	46	46	42	40		27		37.1	11
1976	28.5	30	34	36	42	46	46.5	44.5	38	37	32.5	25.5		36.7	12
1977	26	33.5	30	36	40.5	46	46	45.5	44.5	39	32.5	29		37.4	12
1978	25	28.5	34.5	34	41.5	46	47	44	42.5	41.5	33.5	25		36.9	12
1979	24.5	26.5	32	38.5	39.5	47	46	44.5	45	41.5	29	29		36.9	12
1980		30	29.6	39	39.2	45	46	45.5						39.2	7
1981	33	34	34	37	39	46	47	47	43	38	32	27		38.1	12
1982	27	30	29	34	39	42	45	46	46	37	29	25		35.8	12
1983	27	30	34	34	45	44	46	45	44	37	31	25		36.8	12
1984	27.5	32	33.5	40.5	45	44	45	46.5	48	38.5	32.5	22.5		38	12
1985	26.5	31	36	45	40	47.5	48.5	49.5	45	40.5	33.5	27		39.2	12
1986	28.5	35	38	39.5	43	47.5		48	46.5	36.5	32	26		38.2	11
1987	28.5	29	30.5	41	41.5	45	48	46	47	44.5	30	26		38.1	12
1988	27	30.5	40	39	42.5	42.5	43.8	41.1	41	38.2	35.1	27.8		37.4	12
1989	25	32.8	35	40.8	41.4	47	48.1	44.1	45	40.9	33.6	22.8		38	12
1990	26.8	29.9	33	39.8	40.2	49.1	46.4	44.3	47	37.1	33.4	22.7		37.5	12
1991	25.6	29.9	26.1	36.1	38.9	44.4	45.8	47.9	45.9	47.4	34.1	21.6		37	12
1992	24.4	28.3	30.8	40.6	41.8	44.5	46.8	49.2	42.8	40.6	27.9	24		36.8	12
1993	25	23	30	39	40.8	49	46.5	48	42.5	40	31	24		36.6	12
1994	25.5	30	32.5	38	43	48.5	48	47	45	36.5	32	25		37.6	12
1995	27.5	31	33	39	40	46	52	48.7	47	39	32	26.2		38.5	12
1996	27	31.6	34.2	41	46	46	49.3	48	44	41	29.5	25		38.5	12
1997	28.2	29.2	35.7	40.5	45.4	44.8	47.5	48	43.8	39	33.5	22		38.1	12
1998	23.2	23	34	39	36.5	48	49	47	43.5	36	29.4	26.5		36.3	12
1999	24.8	30	32	39	43	45.8	44	45.9	43.5	41	31.5	25		37.1	12
2000	28	26.7	32.7	40	47	46.5	47.8	47	45	39	25.2	25.2		37.5	12
2001	23.7	27.9	32.8	38.2	45	46.7	48.5	47	42.6	38.5	30.8	24.4		37.2	12
2002	25	29.1	33.5	38.5	44.6	47.2	47.3	45.2	44.3	37	29	24		37.1	12
2003	29.5	30.5	34.2	32.9	44	45.5	49.1	45.5	44	39.5	27.6	24.7		37.2	12
2004	24.8	29.3	39.5	39.5	42.2	45.2	47.5	48	45.5	42.5	30.5	30.5		38.8	12
2005	26.5	26	35.3	37	45.5	47	50.5	48	44.5	41	32	28		38.4	12
2006	26.5	30	32	37	41.5	46	48	45.4	43.2	40.5	34	26.2		37.5	12
2007	25.5	29.2	37	40	40.4	45	47.4	46.2	47.1	38.9	33.6	25.2		38	12
2008	23.7	29.8	33.8	38.8	45.6	47	46.8	47.2	45.9	40.8	36	29.2		38.7	12
2009	28	32.2	35	40	43.5	45	48.3	48.1	44.8	38.6	34	25.8		38.6	12
2010	25	26.5	32.5	37.2	39.6	44	47	47.6	46.8	39	35	28.4		37.4	12
2011	30.2	27	36.2	38	41	46.4	48.6	48.2	45.7	40.3	36	25		38.5	12
2012	27.6	30	34	41.2	44.8	47.2	48	48.6	44.5	43.6	34	28		39.3	12
2013	25.2	28.2	36.4	41.4	43	49.8	47.4	46.2	45.4	37.2	32	26.2		38.2	12
2014	29.4	33	35.2		45	44.8	49	46.6	45	39	33.2	26.6		38.8	11
2015	27.1	30.5	38.2	40.2	42	49.1	45.8	49	45	41.5	35.5	26		39.2	12
2016	29.5	33.5	37	38	44	49.5	48	48	44.5	39	33	29		39.4	12
2017	26.5	30	37.5	38.5	45	51	50	48	45	39	33.5	28.5		39.4	12
2018	27	31	37	40	44	46.5	50	48	47.5	38	33	25		38.9	12
2019	27	30	34	41	39	47	48	49	46.5	38.5	33	27		38.3	12
2020	26.5	30.5	32	42.5	45	45.2	49.5	50.2	49.6	43.6	33.8	24.6		39.4	12
2021	27.6	32.4	38.4	42.6	42	51.4	48.8	50.6	48.8	40	35.2	32.2		40.8	12
2022	29.6	34.1	39	42.1	46.2	49.3	50.1	48.7	48.7	42.5	34.6	28.8		41.1	12
2023	27.5	29.1	32.6	44.3	44.1	46.9	51.1	51.4	46.7	42.6	38.5	30.1		40.4	12
2024	29.3	31.7	35.6	42	44.9	49.6	52.4	51.1	50.2	48.6	33.1	30.1		41.5	12
2025	28.8	36.6	39.6	43.7	46.6	46.6								40.3	6
MÍNIMA	19	23	26.1	31	36.5	39.8	43	41.1	36.5	34	25.2	21.6		32.9	5
MÁXIMA	33	40.5	46.5	45	48	51.4	52.4	51.4	50.2	54	49	35.5		43.2	12
MEDIA	26.4	29.7	33.9	38.2	42	46	47	46.3	44.6	39.6	32.3	26.6		37.7	11.6
DESV.ST	2.4	2.9	3.3	2.7	2.4	2.2	1.9	2.1	2.4	3.1	3.3	2.6		1.6	1.5

TEMPERATURA MÍNIMA PROMEDIO
AÑO	ENE	FEB	MAR	ABR	MAY	JUN	JUL	AGO	SEP	OCT	NOV	DIC	ACUM	PROM	MESES
1930	4.6	7.5	8.4	13	13.2	18.3	25.4	22.9	22.4	13.1	16.2	10.9		14.7	12
1931	10.2	8.9	10	13.9	18.1	20.8	27.9	26.9	20.6	14.2	7.8	3.8		15.3	12
1932	3.1	8.4	10.5	12.5	16	19.7	25.1	24.2	22	14.5	8.6	4.1		14.1	12
1933	3.7	4.2	9.4	11.3	15	19.5	25.7	25.6	21.9	17.1	7.5	5		13.8	12
1934	4.8	8.8	12.4	14.3	18.9	18.1	25.5	26.7	21.3	15.2	9.2	6.6		15.2	12
1935	5.6	9.3	8.9	13.8	15.3	20.3	24.8	26.3	23.2	14.1	6.4	5.9		14.5	12
1936	5	8	11.1	13.6	17.8	21.8	26	26.6	20.6	15	8.9	5.4		15	12
1937	0.7	7.4	9.8	12.6	16.3	20.7	27.1	26.8	24.3	15.7	9.6	8.4		15	12
1938	6.3	7.7	10.5	13	16.7	20.4	24.8	25.5	22.8	14.9	5.6	7.2		14.6	12
1939	6.1	5	10.1	14.6	16.9			27						13.3	6
1944		5.1					19.9	22.6			8.2	4.3		12	5
1945	4.4	6	6.9	9.7	13.7									8.1	5
1948			5.9	12.1	14.7	18.5	23	23.5	19.2	13.2	5.7	4.6		14	10
1949	4.2	7.1	15.6	17.5	19.3	23.6	27.1	26.4	27.3	16.7	8.1	2.1		16.2	12
1950	0.9	4.1	4.7	5.3	6.5	9.4	14.3	13.8	10.9	6.7	3.9	2.3		6.9	12
1951	2.3	2.6	3.8	5.4	7.6	10.1	15.4	14.5	10.8	7.1	3.2	1.4		7	12
1952	1.3	2.3	2.2	6	12	12.5	20.8	21.3	17.4	11.4	4.8	4.5		9.7	12
1953	6.3	4.8	8.7	12.2	13.6	17.9	26.8	23.9	20.4	15	10.1	2.8		13.5	12
1954	4.2	8.7	8.6	14.3	17	19.4	26.4	23.2	21.1	15.5	10.6	5.1		14.5	12
1955	4.3	4.9	9	11.4	15.1	19.1	23.5	26.1	20.9	16.3	9	6.7		13.9	12
1956	6.4	4.1	8.5	12.1	16.3	21.3	24.7	22.7	23.3	14	6.5			14.5	11
1957	6.6	9.7	10.3	12.1	14.7	21.4	25.2	24.4	20.6	14.9	7.6	5.7		14.4	12
1958	5	9.2	8.7	12.5	18.2	20.8	23.3	23	18.1	13.5	4.3	2		13.2	12
1959	2	2.1	6.2	10.9	11.8	18.5	24.9	22.1	17.3	12	7.3	4.3		11.6	12
1960	1.4	3.8	8.6	11.2	13.5	20.2	23.9	24.4	21.6	13.8	7	2.9		12.7	12
1961	5.1	5.9	7.5	10.5	12.8	20.2	24.5	24.2	16.7	11.8	5.3	3.4		12.3	12
1962	3.6	6.2	5.2	11.9	11.4	17.3	22.2	23.9	21.6	13.4	8.4	5.5		12.6	12
1963	1.8	8.2	6.7	9.1	14	16.7	23	24.2	22	15.7	8.9	2.5		12.7	12
1964	0.9	2.6	5.5	8.6	12.4	18.1	24.2	25.2	19.2	17.6	5.6	4.2		12	12
1965	4.8	4.9	6.3	10.1	13.8	15.3	22.9	24.5	17.7	14.7	10.6	5.4		12.6	12
1966	2.7	3.6	8.2	11.7	15.2	19.3	23.8	25.3	21.2	13.2		5.1		13.6	11
1967	3.4	5.3	8.4	7.3	13.7	17.2	25.9	26.6	21.1	14.1	10.3	3.4		13.1	12
1968	3.3	8.9	8.6	10.1	14.1	18.9	23.9	22.4	18.9	13.2	8.4	0.9		12.6	12
1969	6.8	4.7	7.1	11.1	15	17.2	24.6	26.9	21.5	11.7	9	4.7		13.4	12
1970	3.6	6.7	6.7	7.9	13.7	18.4	25.1	26.8	18.3	11.5	7.2	3.7		12.5	12
1971	2.7	4.9	6.3	10.6	13.1	17.9	23.6	25.3	19.5	10	5.8	2.8		11.9	12
1972	0.8	5.2	9.7	13.4		19.5	24.5	23.1	19	14.4	6.1	3.1		12.6	11
1973	2.5	6.3	6.2	8.5	15	19.6	23.2	21.9	16.7	12.8	6.9	4.1		12	12
1974	5	3.9	8	10.3	14	19.9	24.2	22.5	22.7	14.7	7.8	2.3		12.9	12
1975	2	3.8	6.6	7.2	13.5	17.3	24	22.6	21.3	12.5		3.9		12.2	11
1976	3.8	6.7	6	8.9	14.3	18.9	23.8	21.1	20.6	14	8.1	4.3		12.5	12
1977	5.4	5.9	5.4	10	12.2	19.4	24.6	25.1	19.8	14.9	8.4	7.2		13.2	12
1978	6.4	7.2	10.2	10.2	13.7	20.1	24	22.5	19.9	17.2	8.6	2.4		13.5	12
1979	3.9	4.7	8.4	10.8	15.2	19.5	22.5	22.4	22.1	14.8	6.9	5.5		13.1	12
1980		8.7	8.2	11.1	12.6	18	25.5	23.3						15.3	7
1981	8.3	6.8	8.4	12.4	15.3	22.1	25.2	25.2	22.1	12.8	9.4	5.6		14.5	12
1982	3.6	6.5	8.4	8.9	14.2	16.6	22.9	25	19.6	12.8	7.9	4.2		12.6	12
1983	4.8	7.7	9.7	9.8	15.4	19.2	22.5	21.4	24.2	15.6	9.4	6.4		13.8	12
1984	6	5.5	7.6	11.5	17.7	20.1	26.2	25.5	23.4	12.7	8	5.6		14.2	12
1985	5	5.2	9.2	14.8	16.5	20.5	25.7	24.8	19.1	14.5	7.2	5.6		14	12
1986	7.9	8.6	11.7	12.1	15.2	21.3		26.8	17.9	13.5	9.4	5.5		13.6	11
1987	3.4	6.4	7.2	12.7	16.1	19.3	22.1	24.3	20	17.3	8.5	4.4		13.5	12
1988	4.4	7.1	8.4	11.3	14.4	21.1	26.2	25.6	21.7	19.4	12.4	6.9		14.9	12
1989	5.4	7.3	14.2	17.4	18.1	21.7	26.3	26.4	21.4	17.3	10.4	7.4		16.1	12
1990	6.5	5.7	9.6	15.2	16.8	21.5	28.1	25.7	23.8	16.2	9.5	3.4		15.2	12
1991	6.8	10.8	8	12.2	16.7	22.4	24.8	26.6	23.3	21.7	13.1	7.5		16.2	12
1992	6.1	9.6	11.6	16.4	19.2	22.5	26.5	25.5	22	18.8	15.6	6.4		16.7	12
1993	8.6	9.4	13.4	15.4	19	23.3	25.6	27.1	21.7	18.5	10.1	7.1		16.6	12
1994	7.1	7.7	12.8	15	17	24.8	27.5	26.9	24.2	16.7	8	6.7		16.2	12
1995	8.1	11.1	12.4	12.7	15.7	20.7	25.4	28.7	25.6	16.9	13	8.4		16.6	12
1996	7.5	11.4	12	15.5	18.8	22	28.2	26.8	23.6	16.8	10.8	7.1		16.7	12
1997	8.4	7.8	11.5	14.2	21.4	20.7	24.2	28.2	25.4	16	12.1	5.6		16.3	12
1998	7.4	8.8	11	12.5	15.6	19.5	27.4	28	23.1	16	10.7	7.3		15.6	12
1999	7.5	8.5	10.4	12.4	16.8	21.7	26.6	25.7	23.6	17.9	11.1	5.8		15.7	12
2000	7.3	9.6	10.5	14.4	19.8	23.3	25.4	28.1	23.8	16.9	7.8	7.8		16.2	12
2001	6.3	8.1	12.2	13.5	21.1	24.1	26.1	27.5	24.9	19	14.2	5.8		16.9	12
2002	6.8	7.5	10.5	15.5	17.8	23.4	27.5	25.8	23.9	16.8	11.8	7.2		16.2	12
2003	9.9	10.1	12.6	13.2	19.6	22.6	28.5	28.1	25.1	21.3	10.8	7.4		17.4	12
2004	7	7.9	15.5	15.2	19.2	21.6	26.6	25.8	22.3	16.5	10	7.5		16.3	12
2005	9.5	10	12	14.3	19.2	21.6	27.2	26.7	22.2	17.1	11.8	7.6		16.6	12
2006	7.6	8.8	10.4	13.6	18.8	24.8	29.4	26.5	23	17	12.8	6.7		16.6	12
2007	5.4	9.4	13	14.5	18.9	22.1	27.2	28	22.9	16.6	12.8	6.1		16.4	12
2008	6.3	8.6	12.2	13.7	16.9	23.7	26.8	26.8	24.3	17.6	13.4	8		16.5	12
2009	8.6	9	11.5	13.7	20.7	21.6	28.3	26.1	24.6	15.8	11.6	7.2		16.6	12
2010	8.7	10	11.2	13.5	16.4	22.1	27.4	26.1	23.3	17.8	11.1	9.7		16.4	12
2011	6.6	6.8	11.9	14.4	15.8	20.5	25.7	27.6	24.5	17.9	10.3	5.1		15.6	12
2012	6.6	8.8	10.8	14.7	18.7	23.2	25.9	28.7	25.7	17.7	12.4	8.4		16.8	12
2013	5.9	7.1	13.1	14.9	19.3	23.6	27.8	26.3	23.2	15	11	6.4		16.1	12
2014	8.4	10.9	13.3		19	23.9	28	26.3	25.7	19.5	11.4	9.2		17.8	11
2015	7.9	11.9	14.5	15.6	17.5	24.6	26	28.7	26.3	21.3	10.3	6.3		17.6	12
2016	6.8	10.3	13.6	16.3	18.1	25.4	28.6	28.5	22.5	19.2	13	8.2		17.5	12
2017	8.4	11	14.4	16.3	19.3	24.4	29.5	28	22.9	18	14.2	7.7		17.8	12
2018	9.5	8.5	12.5	16.7	18.5	23.4	29.5	29.7	25.8	17.9	11	7.6		17.6	12
2019	7.3	7.5	12.6	17	17.6	23.5	27.2	28.2	23.8	15.3	11.6	7.8		16.6	12
2020	7.1	8.3	11.3	14.8	22.4	23.7	27	29.2	24.9	19	11.6	6.3		17.1	12
2021	7	9.1	10.9	17.1	20.2	26.4	30.3	28.8	26.4	17.4	14.3	9		18.1	12
2022	8	8.2	13	16.4	20.4	26.5	29.7	30.3	27.3	20.8	10.2	8.2		18.2	12
2023	8.8	8.1	12.1	16.2	19.6	22.3	30.1	29	25	19.4	12.9	9.3		17.7	12
2024	8.4	11.5	13.2	15.6	20.8	27.1	30.9	30	26.6	21.7	11.3	9		18.8	12
2025	6.8	12	13.2	16.1	21	25.2								15.7	6
MÍNIMA	0.7	2.1	2.2	5.3	6.5	9.4	14.3	13.8	10.8	6.7	3.2	0.9		6.9	5
MÁXIMA	10.2	12	15.6	17.5	22.4	27.1	30.9	30.3	27.3	21.7	16.2	10.9		18.8	12
MEDIA	5.6	7.4	9.8	12.7	16.3	20.7	25.5	25.4	21.9	15.6	9.5	5.7		14.6	11.6
DESV.ST	2.3	2.3	2.8	2.8	3	3.1	2.7	2.8	3	2.9	2.7	2.1		2.3	1.5

TEMPERATURA MÍNIMA EXTREMA
AÑO	ENE	FEB	MAR	ABR	MAY	JUN	JUL	AGO	SEP	OCT	NOV	DIC	ACUM	PROM	MESES
1930	0	3	4	8	7	11	20	18	14	11	10	8		9.5	12
1931	2.2	3.8	4.2	10.8	12.6	15.2	25	22.4	14	10.2	-0.2	-1		9.9	12
1932	-2	-0.6	5	8.4	10	12.8	17.8	16	13	9	5.5	0.2		7.9	12
1933	-0.4	-2.2	4.6	6.6	9.5	14	17.2	19.2	15	11.2	3.4	0.2		8.2	12
1934	-1	4.4	6.4	6.2	13	13	20.8	19.6	12.4	9.8	3	-0.5		8.9	12
1935	-0.5	2.2	4.5	6.4	12.4	15.4	18.6	22.5	17.8	6	3.4	0.6		9.1	12
1936	1	2.2	5	7.2	14.5	12	17.6	20	13	9.4	4	1.5		8.9	12
1937	-7.2	0.8	5.2	9.2	12.8	15	24	20.8	16.8	11.5	6.2	1.5		9.7	12
1938	2.8	3.6	6	6.5	11	15.6	16	17.5	18.6	8.2	-4.8	3.5		8.7	12
1939	2.8	0.2	3	10.2	13.6			23.5						8.9	6
1944		-0.1					13	12.2			1	-0.3		5.2	5
1945	0.8	0.5	2.4	1.2	7.4									2.5	5
1948			2	6.9	8.5	12.5	17.7	19.8	11	7.5	0	-1		8.5	10
1949	-2	2	10.5	11	14	18	20.5	20	21	8	2	-1		10.3	12
1950	-3	-0.1	2	2	2	5.5	9.5	10	5	5	1	1		3.3	12
1951	1	1	1	3.5	3.5	7	10	10	8	5	0	-1.5		4	12
1952	-2	0	1	3	8	8	13	15	5	7	0	0		4.8	12
1953	2.1	-1.5	2.3	5.8	9.1	12	20	15.8	14.2	9.5	2	-2.2		7.4	12
1954	-2	4.5	2.5	9.3	10.9	12.4	22.7	17.3	12.2	8.4	6	-3.8		8.4	12
1955	0.9	-0.5	2.7	7	9	12.6	18	23	12.5	11.5	3.4	3.2		8.6	12
1956	1.8	-1.8	0.2	6	12	14.2	16.5	16	18.8	2.5	1			7.9	11
1957	0.8	0.7	4.2	6.8	11	15.8	20.5	14.6	12.8	10.7	2.4	1		8.4	12
1958	-0.2	5	3	6	12	16	18	20.6	10.5	7.2	-4.5	-2.7		7.6	12
1959	-4	-3	1.3	6.3	7.7	12.7	20.4	14.4	9.3	5.2	-0.2	0		5.8	12
1960	-3.9	-0.6	3.3	6.1	7.3	15	17	18.1	14	7.3	2.5	-4.6		6.8	12
1961	1	1.7	3.7	5.3	8.2	13	15	19.4	11.6	5.2	-0.5	-0.8		6.9	12
1962	-4.5	-4	-0.8	8.4	2.7	10.5	17	13.5	13.6	8.8	2.1	-0.1		5.6	12
1963	-7	3.7	1.1	3.4	8.5	11.4	17.2	18.4	17	10	2.5	-2.2		7	12
1964	-3.2	-3.2	-2.1	4	4.5	11.3	17	20	14	10.7	-0.1	-3.5		5.8	12
1965	-1.5	-2	-1	4	7.1	11	17	19.3	12	8	3.2	-0.5		6.4	12
1966	-3	-2.8	1	7	10.5	12.5	17	17	14	5		-0.5		7.1	11
1967	-2.5	1	3.3	3	7	11.8	18.5	23.5	16	8.5	3.9	-2		7.7	12
1968	-3	5.5	4.5	3	8	12	18	15.6	11.5	7	2	-4.5		6.6	12
1969	-3	-3	1	7	9	13	18	22	11	7	3	-3		6.8	12
1970	-5	1	2.6	4	8	11.7	21	23	11	4	3	-1		6.9	12
1971	-6	-1	-3	4.5	8.9	9.1	17.5	20	9	-2.5	2	-4		4.5	12
1972	-6	-0.4	2.5	9		15.5	18	16	12.5	6.5	1.5	-5		6.4	11
1973	-3	1	2.5	3.5	8	13	15	13	13	6.5	1	0		6.1	12
1974	-3	0	2	6	9	14	14	18	18	6	2	-3		6.9	12
1975	-3	-1	2	2.5	6.5	10	19	15.5	16.5	4		-1		6.5	11
1976	-5	2	0	4	9	12	14.5	13.5	16.5	6	-2	-0.5		5.8	12
1977	-1	0.5	2	4	8	15.5	19	20	14	8	4	4		8.2	12
1978	-0.5	1	6	6	10	15	15	14	11	10.5	3.5	-5		7.2	12
1979	-2	0	3.5	6.5	7.5	13.5	14	18	17.5	5.5	0	1		7.1	12
1980		1.5	1.5	5	6.5	12	18.5	15.8						8.7	7
1981	4	1	4.5	6	9	17	21.5	18.5	16.5	6	4	1		9.1	12
1982	0	1	4	4	9	11	14	22	11	7.5	4	-1		7.2	12
1983	0.5	4	6	5.5	9.5	10.5	14	15	17	12.5	1.5	2		8.2	12
1984	1	2	2.5	4.5	10	14	21	22.5	17.5	6	2	0		8.6	12
1985	1	-2.5	2	5	10.5	13	21.5	19	14	10.5	1	0.5		8	12
1986	2.5	0	5.5	5	9.5	15		24	11.5	9.5	3.5	0		7.8	11
1987	-2.5	2	4	7.5	11	15	17	16	15	11	2.5	-3		8	12
1988	0	2	1.5	3.5	6	11.9	22.4	20.6	15.8	16.5	6.2	0		8.9	12
1989	-0.4	-1.8	7.1	9.5	11.6	16.7	20.8	20.8	15.2	11.8	6.5	3.8		10.1	12
1990	3.9	1.3	4	12	13	12.5	23	20.4	17.8	12.9	4.4	0		10.4	12
1991	2.4	8	4	8.2	13.2	17.1	21.5	22	16.1	12	4.6	1.8		10.9	12
1992	1.8	6.9	7.1	10.7	15.9	18.2	20.2	20.9	17.8	14.9	12.8	0		12.3	12
1993	1	7.5	10	11.5	13.8	15	20	20	10	13	5	4		10.9	12
1994	0	2	8.5	10	10.5	19	22	14.5	18	10.5	2	2		9.9	12
1995	4.8	8.5	8	8	10.5	14.5	19	24.8	19	11.8	9.7	3.5		11.8	12
1996	3.3	4.5	8	11.8	11	15	23.2	19	19	8	0	1.5		10.4	12
1997	5	4.5	5.5	7	17	15.5	20	24.8	21	11	8	-0.5		11.6	12
1998	2.4	6.8	5.5	7	12	14	23	21	17	13	8	2		11	12
1999	5	2.5	7.6	6.5	10	11.8	23	20.5	17	12.5	4.3	3.8		10.4	12
2000	1.5	6.5	5.3	8.5	13.8	17.8	19.6	23	18.5	12.3	4.4	4		11.3	12
2001	3.2	4.6	6.5	8.8	13.5	20	22	20.8	21.5	15.2	6	2.5		12.1	12
2002	1	1.4	4.4	10.6	11	17.4	23	22.5	15.7	12.8	9.5	3.5		11.1	12
2003	7	4	8.2	9	11.6	17.4	25.5	23.8	20	14.5	4.6	1.5		12.3	12
2004	2	4.3	9	12	13.5	15	20	21	15	9.7	2	2.5		10.5	12
2005	3.5	7	8.7	11	13.5	17.5	22.2	22	16	13	5	2		11.8	12
2006	4	4.5	6.5	8.5	13.2	19.5	27	22.5	16	12.7	3.5	3		11.7	12
2007	-2	5	5	9.5	15	18	23	22.5	15	14	7.5	2		11.2	12
2008	3	3	7.5	9	12.5	18	24	22.5	19	11	11	3		12	12
2009	4	5	7.5	9	16	16.5	21.5	20	19.5	8	8	3.5		11.5	12
2010	6	6.5	7.5	9	11	18.5	23	18.5	17	13	2.5	2		11.2	12
2011	1	-1	5	8.5	12	13.8	20	23	20	11	8	2		10.3	12
2012	3.5	6	6	9.5	13.8	17	19.5	25.5	19.5	12.5	7	2.5		11.9	12
2013	-0.5	2	8.5	10	14.8	20.5	24	22.5	15	11	8	2		11.5	12
2014	4.5	5	10.8		15	20	24	20.5	17.4	16	7.5	0.5		12.8	11
2015	-1.2	8.5	7.5	12.5	12	17.5	20	25.5	21	16.5	3.5	0.5		12	12
2016	3	3	8	13	14	20	23	25	18	16.5	5	3		12.6	12
2017	4	5	8	12	13	19	25	23	16.5	15	9	2.5		12.7	12
2018	6	3	5	12	13	18	22.5	25	22	13	6.5	2		12.3	12
2019	0	1	7	13.5	13	20	22	23.5	14	5.5	6	2.5		10.7	12
2020	3	4	8.5	8	15.5	18.5	23.5	23.5	20	9	6	3		11.9	12
2021	3	6	6	14	13.5	20	26.5	22	20	13	0	0		12	12
2022	3.1	4.6	7.3	11.3	14.5	20.1	23.2	26.1	22.6	12.1	7	3.3		12.9	12
2023	3.9	3.4	7	8	14.5	17.6	24.4	22.4	18	12.8	8.8	5.8		12.2	12
2024	2.7	5.7	9.9	9.7	14.1	22.5	28.6	23.6	18.7	12.6	7.1	6.5		13.5	12
2025	2.9	8.4	9.2	10.8	17.4	22								11.8	6
MÍNIMA	-7.2	-4	-3	1.2	2	5.5	9.5	10	5	-2.5	-4.8	-5		2.5	5
MÁXIMA	7	8.5	10.8	14	17.4	22.5	28.6	26.1	22.6	16.5	12.8	8		13.5	12
MEDIA	0.4	2.3	4.6	7.5	10.8	14.9	19.7	19.8	15.4	9.8	3.8	0.7		9.1	11.6
DESV.ST	3.2	3	3	3	3.2	3.4	3.7	3.7	3.7	3.5	3.3	2.6		2.5	1.5

TEMPERATURA MEDIA MENSUAL
AÑO	ENE	FEB	MAR	ABR	MAY	JUN	JUL	AGO	SEP	OCT	NOV	DIC	ACUM	PROM	MESES
1930	11	16.1	16.9	22	22	29	33.2	32	30.8	21.4	21.1	16		22.6	12
1931	16.4	14.8	18.4	22.4	26.9	28.9	35.1	32.6	28.6	22.4	15.1	10.7		22.7	12
1932	10.4	14.6	18.1	21	24.4	28.6	32.4	32.2	30.4	21.9	17.1	10.8		21.8	12
1933	10.4	11.4	17.8	19	22.9	28.8	33.4	33	29.7	25.3	16.6	12.8		21.8	12
1934	13	16.2	21.6	23.5	27.3	26.7	33.2	33.2	29.4	24.1	17.4	13.1		23.2	12
1935	11.9	15.2	16	21.1	23.6	30.4	32.5	32.5	30.6	22.4	14.2	12.8		21.9	12
1936	12.3	14.8	19	22.6	26.7	30.5	33.2	33.2	28.7	22.6	16.4	12.6		22.7	12
1937	7.2	14.1	16.8	20.8	25	29.5	33.9	33.8	31.4	24	17.4	14.7		22.4	12
1938	13.3	13.9	16.3	20.8	25.1	28.8	32.2	32.2	30.5	22.3	13.8	13.4		21.9	12
1939	12.4	11.4	17.6	22.6	25.6			33.5						20.5	6
1944		13					30.8	32			16.2	13.7		21.1	5
1945	12.6	14.1	14.8	19.5	23.8									17	5
1948			14.5	20.9	24.1	28.2	31.6	31.9	23.3	20.6	14.5	12.1		22.2	10
1949	9.9	15.1	27.4	25.8	30	32.5	33.8	34.5	34.3	27.5	22.9	11.9		25.5	12
1950	10	14	16.1	19.2	19.2	23	27.4	28.1	25.1	21.6	16.6	13.8		19.5	12
1951	11.3	11.6	14.1	17	20.9	24.4	28.9	27.5	26	19.8	13.8	10.3		18.8	12
1952	9.9	12	14.3	17.9	25.6	25.9	32.5	32.7	29.4	29.2	18.3	16.4		22	12
1953	15.4	14.3	17.9	21.1	22.7	29.1	35.1	33.2	30.8	24.4	18.7	12.2		22.9	12
1954	13	18.1	17	24.3	27.1	29.4	34.5	32.1	31	25.6	19.6	13.3		23.8	12
1955	11	12.9	18	20.5	24.4	29.4	32.1	33.5	30.8	26.3	18	14.7		22.6	12
1956	14.4	13	18.6	21.4	26.2	31.4	33.3	32.5	33	23	16.3			23.9	11
1957	12.4	17.3	18.1	20.9	23.3	31.3	34.1	32.4	30.2	22.2	15.2	13.9		22.6	12
1958	13.6	16.2	15.7	21.1	27.6	30.1	32.8	32	29	23.9	15.1	13.6		22.6	12
1959	12.7	11.9	17.4	21.8	22.5	30.2	33.7	31.4	27.5	22.5	16.8	12.3		21.7	12
1960	9.6	12.8	18.9	21.6	24.4	31.6	33.8	33.2	31.1	22.9	16	11.4		22.3	12
1961	13.3	14.8	16.4	20.7	22.8	30.2	32.8	32.1	26.4	21.6	14.2	11.5		21.4	12
1962	11.9	14	14.3	23	22.4	28.4	32	33.5	30.3	23.2	18.1	13.6		22.1	12
1963	10.2	17.6	16.2	18.4	25	27.1	32.9	32	30.7	24.4	16.4	11.4		21.9	12
1964	9.5	11.9	14.7	18.4	23	28.5	32.9	33	28.7	26.4	14.3	12.7		21.2	12
1965	13	13.9	15.3	19.6	23.5	25.9	32.2	32.9	27	25	17.9	11.8		21.5	12
1966	10.2	11.8	17.6	21.8	25.5	29.6	32.5	33.5	29.8	22.3		13.2		22.5	11
1967	12.2	14.7	17.5	16	24	27.4	34	34.4	28.8	23.9	18.9	10.3		21.8	12
1968	11.4	17.2	17.2	19.4	24.2	29.5	32.3	30.7	28.6	22.4	16.8	9.9		21.6	12
1969	13.8	12.9	16.1	20.3	25.2	27	33	35	30.6	20.8	16.6	12.8		22	12
1970	12.1	15.3	15.7	17.6	24.4	28.8	33.7	34	28	21.2	16.6	11.8		21.6	12
1971	11.9	14.2	16.9	19.6	21.9	27.9	33.1	32.8	28.8	19.2	15.1	10.4		21	12
1972	10.5	15.7	20.2	23.9		29.3	34	31.4	27.8	21	14.9	11.2		21.8	11
1973	11.1	14.2	14.5	18.6	25.4	29.9	32.2	31.4	27.5	22.9	16.1	13.2		21.4	12
1974	12.5	13.7	17.6	20.1	24.5	31	32.4	32	31.2	23.8	16.9	10.8		22.2	12
1975	11.6	13.3	15.4	16.2	23.6	27.6	32.3	32	29.7	21.4		12.6		21.4	11
1976	13.1	14.8	15.2	18.4	24.5	29.2	32.2	30.8	27.3	22.7	17.4	12.8		21.5	12
1977	13	16	14.4	20.7	21.1	30	33.6	32.9	29	24.6	18.2	15.3		22.4	12
1978	13	15	18.5	19.1	24.2	31.2	33.5	32	28.6	25.8	16.3	10.1		22.3	12
1979	10.7	13.5	16.7	20.9	24.3	30.2	32.4	30.9	31.7	24.5	15.8	14.3		22.2	12
1980		16.2	16.2	20.4	22.1	29	34.1	32.6						24.4	7
1981	16	16.3	17.4	22.4	24.9	32.3	34	34	30.9	22.1	18.5	14.1		23.6	12
1982	11.7	14.8	16.1	19.4	24.2	27.2	32	33	28.8	22.5	15.8	11.5		21.4	12
1983	13.6	15	17.5	18.5	25.7	28.6	31.4	29.7	31	24	17.3	13.9		22.2	12
1984	13.8	15.2	17.6	20.7	28.2	29.7	32.8	32.6	31.5	21.5	16.4	11.1		22.6	12
1985	12.3	13.9	18.3	24.8	26.5	31.6	34.7	33.9	28.1	23.4	16.2	13.9		23.1	12
1986	16.4	17.2	20.8	22	26.1	32		34.9	27.4	22.9	18.4	13.7		22.9	11
1987	12.5	15.2	16.8	24.1	25.9	31.1	32.5	33.5	30.6	26.1	17	11.8		23.1	12
1988	13.1	16.4	19	20.6	24.9	29.9	33.5	32.3	28.8	26.7	18.7	13.9		23.1	12
1989	11.8	14.8	21.5	25.8	27.4	31.3	35.5	34	30.3	25.2	17.6	14.1		24.1	12
1990	14.3	13.2	17.2	22.1	25.6	31	35.5	33.5	31.5	24.6	18.2	11.3		23.2	12
1991	13.6	18.7	14.8	20.5	24.8	30.3	32.9	35	31.5	29	19.1	13.4		23.6	12
1992	12.9	16.9	18.6	23.9	28	31	34.4	34.8	31	26.2	20.4	12.6		24.2	12
1993	14	14.7	21.1	22.9	27.2	31.4	33.7	34.1	29.9	25.4	16.6	13.8		23.7	12
1994	14.4	14.2	18.9	22.9	25.6	34.3	36	35.3	32	23.9	14.6	13		23.8	12
1995	13.9	18.5	19.6	21	23.8	29.9	34.6	36.5	33.7	25.2	20.5	15		24.4	12
1996	14.8	18	20.1	24	28.7	32.2	36	35.1	31	24.6	18.1	14.1		24.7	12
1997	14.7	15.3	20.7	22.6	30.6	30.4	33.5	35.5	32	23.2	18.8	11.5		24.1	12
1998	13.5	14.1	17.9	20.2	23.8	28.9	35.3	35.2	30.1	23.6	17.6	13.8		22.8	12
1999	14.9	15.9	17.9	20.1	26.2	30.8	34.3	33.9	31.4	26.7	19.4	13.8		23.8	12
2000	15.2	16.6	18.6	24	29.6	32.5	34.5	35.2	31.3	23.2	14.8	14.7		24.2	12
2001	12.7	14.4	19.3	21.3	30.2	33.2	34.5	35	32.4	26.4	20.1	12.2		24.3	12
2002	13.3	15.6	17.9	23.1	26.8	33	35.7	34	31.3	23.6	18.6	13.5		23.9	12
2003	17.1	15.6	19.4	20.3	27.6	31.7	35.9	34.5	32.4	28.2	16.6	13.8		24.4	12
2004	13.6	15.1	24	23.6	28.5	31.2	35.2	34.5	31.2	24.7	17.6	15		24.5	12
2005	15.4	16	19.4	22.8	27.8	30.9	36	34.8	31	25	19.4	14.9		24.4	12
2006	15	17	16.9	21.2	28	33.7	36.6	34.5	31	24.2	20.3	13.8		24.4	12
2007	12.5	16.9	21.1	23	27.7	31.8	35.1	35.6	30.6	24.6	20.2	12.4		24.3	12
2008	12.8	16	20.1	22.5	25.3	33	34.6	34.2	32.5	26	20.8	14.1		24.3	12
2009	15.9	16	19.2	22	30	30	36.6	34.6	33	23.9	19.3	13.4		24.5	12
2010	15.1	16.4	18.5	21	25	31.3	35.5	34.3	32.1	24.3	18.1	15.9		24	12
2011	14.2	14	19.8	22.5	24.6	30.5	34.2	36.2	32.5	26	17.4	12.1		23.7	12
2012	14.7	16.2	18.9	23	28.4	32.6	34	35.8	33.1	25.8	20	14.9		24.8	12
2013	12.6	14.8	21.6	23.8	28.1	33.2	35.4	34	31.3	23.1	18.2	13.8		24.2	12
2014	16.6	18.9	21.4		28	33.1	35.7	34	33	27.2	18.9	14.8		25.6	11
2015	15	19.8	22.6	23.6	25.2	33.4	33.9	36.9	33.5	27.7	17.2	13.2		25.2	12
2016	13.7	18.8	21.8	24	26.2	34.6	36.8	36	30.4	27	19.9	14.4		25.3	12
2017	14.1	17.7	22.4	24.5	27.5	33.9	36.7	35.9	30.2	26.1	21.3	15.3		25.5	12
2018	16.8	16.1	19.8	25.4	27.2	32.8	36.9	36.9	34	25	18.6	14.1		25.3	12
2019	13.8	13.8	19.4	24.9	24.8	32.2	35.5	36.5	31.4	23.8	19.4	13.3		24.1	12
2020	14.9	16.4	17.9	23.4	30.6	32.4	36	37.4	33.6	27.4	18.9	13.4		25.2	12
2021	13.8	16.8	19.1	25.6	29.2	35.6	37.7	36.5	34.3	25.7	22.9	16.4		26.1	12
2022	16	17	21.9	25.6	29.8	35.7	38	37.8	34.5	28.2	18.1	15.7		26.5	12
2023	15.5	15.8	19.4	25.4	28.6	31.3	39.2	36.6	33	27.8	20.5	16.9		25.8	12
2024	15.6	18.6	20.6	24.6	29.7	36.2	39.6	38.4	35.5	30.7	19.3	17.8		27.2	12
2025	15	20.4	21.2	24.9	29.9	34								24.2	6
MÍNIMA	7.2	11.4	14.1	16	19.2	23	27.4	27.5	23.3	19.2	13.8	9.9		17	5
MÁXIMA	17.1	20.4	27.4	25.8	30.6	36.2	39.6	38.4	35.5	30.7	22.9	17.8		27.2	12
MEDIA	13.1	15.3	18.2	21.7	25.7	30.5	34	33.7	30.5	24.3	17.7	13.3		23.1	11.6
DESV.ST	1.9	1.9	2.4	2.3	2.4	2.4	2	2	2.2	2.2	2	1.6		1.7	1.5
